$ANSIBLE_VAULT;1.1;AES256
64396261616266633665646330393631316463386334633032353965323964633464333331323334
6261653930313764313836366531383462313965336231620a656637623439623639383931373361
37373434636531623563336565356136633031633835633636643436653165386436636564616130
3763383036343739370a376565343130636631653635616566653531323464343632623566313436
32396165636333393032636636613030373663393238323964396462323163616162613933626536
31623931343633346131636563643563393230323839636438373933666137393031326532356535
32363439306338623533353734613966396362303164616335363535333438326234623161653732
66613762653966613763623966633939323634346536636334343364306332323563653361346563
65313433376634363261323934376637646233636233346536316262386634353666376539613235
63666432396636373139663861393164626165383665663933383734303165623464666630343231
33323339663138373530396636636333323439616137313434316465633162396237306238343366
30326162306539396630633738323435323432646338633331626665363838376363343835336534
3635
