$ANSIBLE_VAULT;1.1;AES256
35303137383361396262313561623237626336306366376630663065396664643630383638376436
3930346265616235383331383735613166383461643233310a663564356266663366633539303630
37616532393035356133653838323964393464333230313861356465326433353339336435363263
3162653932646662650a613762393062613433343362633365316434663661306637623363333834
61303231303362313133346461373738633239613933303564383532353537626538363636306461
66663330346566356637623036363964396137646435333139323430353639386134396537366334
39303130386432366335383433626431663034656466626265393863623438366130346562623365
63653963393663353666313631326131636361333230386461383638333338393137336562323935
37343034363961306663303232346139356534613837663230393962323333656536303161373939
65626164336166306264653538313661393934383966303135356161336331623835663235646332
63343764643861366537383962616230323036326331386333346463353835393762653735353862
32323839663365353337303363313535633362643231653663393936363539363933636430613832
32336566633962646463316636346330336265626130373636643335323762363661
