$ANSIBLE_VAULT;1.1;AES256
61326233336236343231396231306638373837653661313334313261313539316532373437346132
3931306637303530373032663236363466383433316161310a396439393564643731656664663639
32386130663837303663376432633930393663386436666263313939326631616466643237333138
3365346131636333330a376436323964656563363664336638653564656231636136663635303439
35346461356337303064623861326331346263373539336335393566623462343464323065366237
61346637326336613232643462323733366530656439626234663335633965376335623733336162
37323739376237323534613361333831396531663637666161666366656237353563626164626632
33326336353663356235373835666166643465666562616663336539316233373430633862613133
36363831623361393230653161626131353264366634326233363232336635306266376363363739
66373434343330633337633436316135656533613465613963363931383266323466653762623365
363332393662393532313063613066653964
