$ANSIBLE_VAULT;1.1;AES256
31303539336464336239376636623862303066336438383739356163616431643366386565366361
3264336232303135336334333663326234393832343235640a313638323963666631353836373531
61636261623662396330653135326238363630363938323166303861313563393063386161393238
3231336232663533640a333763643864363939336566333731353031313739616633623537386435
39613934663133613733356433616162363430616439623830663837343530623937656434366663
33656466396263616132356337326236383761363834663363643163343231366563333865656433
39316365663734653734363362363539623636666261333534313935343566646166316233623535
32323831626463656337313266343634303830633936396232663966373264313762346235646665
61333139363039363436393962666365336334663164306230393433636664623934343039323637
33383036323233646237343031633030353330633734353232343633623864333834646239346362
643634303135656333646235343366636361
