$ANSIBLE_VAULT;1.1;AES256
65303666336535386536653939626336646338623431353161636565393532623264316534326539
6265393839323438376666393030383839326239323261660a333132613538306137383332336538
38323830353062366133643734303138343939323135333532333666653039326437316361353463
6665393263376132620a346239386437326462363565636335303766306638393331656664376665
63373131373039653065633861626263646635323634333538343163346239633937303761366362
31376438363731613666393531656232653033336332653261313866396434616461303831353336
38663965636536313932346133363733636636643938366364366435366237316435643062336231
34343931653963613431336465653036616431323263613731393963656637303561366461663038
31336131346266393035343135323131636435333865323733386439363763376638383337613530
34356331356361636665383933633130343564373739343630663835313164326565393439306163
31386538633033333961386534323234653833323537356565616436346462613333663139623035
30636265313230383162633466373937353262383965313631326336666133653331366230653961
6131
