$ANSIBLE_VAULT;1.1;AES256
33663534643866326138346339393066333561633465626535393961376566666538353738303162
3233313831613766623836346166313734373431373631300a343864386537326630326338373661
66393165376265613265656261623737356261316562653964383034333930633839643533323166
3835633238373666350a383239373466316135643562613232353336643864393565663333626235
39396634313862626361343335333762633661323437316366396436356536663931616536343536
35326334633364323365326534663461656431633364353766373132626438333335326665346531
66373865616566613738363363326363336664376232333266353730376139653462613834303463
66306236623137333266316439316131383135326236386264353232646631393763323666626639
62383261633730333865343436383861373436336262373536323139633033353566633666623066
62316562646632613330313934616535316331306366353663306437343066636361346531386166
66663630333834393865393465653337353638316135653663326235313632303538303963306161
30653530383061343038643533373533613737366464396630643835386363633164383533623130
31613033616530363537666365323837336261613530306464646163303966316363383934386131
38626432316363356335643034323530643132623762396333333764613261326163643732363533
36613535623238393738326430303963326634356164336335616639663736636631613139376233
61643963343636643432323434643830623361323335336566326563393663316163613361373465
38373030653366396534623835666535613936323132313363656538356330653564663930626666
34656439306261666262353830636135346161366133336238623832336438396533623134383239
34393665333437626663663563303234316238396164346162623362386166323961313831306237
66623835646639336163386464613438366338643765376232353364326435666165306336353438
31393933346563336363646262613964333133623965313064316461646530373431323961643031
38383735356433393431373739316331376536376630353136626638316365326239373937313636
66386134366632633533303163623838623061353431343630643534336438643036656236343462
64633562623537613062343333316463666636306439626236316539373134383835313362343462
38323063373434343238343165663035366530623531356362356235393031623230386562323061
38623734343831626338393735353530666338613262643263346361653736346164613538633562
65613835366663323066353266336461623231653231343362376239626631616533663936666130
61343265306435363961376133386534373131363335343361373233626266643537663434353062
30663762623931326637343434656537393563393339353632366234643534356466336431306332
33613838313733626231306132633736366435386133623161393838653731373866373035323131
37613530343539333834356139633930326134316432616232616639613434666661343061336566
36366333626533353530373636396566333335313639326262366134333362383134306431396332
32616363333465393639396433336664656537363562303830333630613633303030343363323562
39623232346462623434383034376131643839336336383034393763363761333563336633613532
34656132343339333166346531613362353739303135366437376438643838386163333039386563
30343538613730323132303138633334613737396666323130613235663664653963623565633837
65356530623235353136646431343236663261323863393862653035336563623363646466623666
66393362613562383130306635366561623231633537336461353865653864346165363734376531
32356166623966643164633262376631313335616232363137383136393866356436376461643032
38323635363637623233363465323533313936616232333938623133653138396561376465663065
37396261636163303063366666303961366237386336663763653266653162336565386230323230
33316662383133653230623964626130356261636165363164303764633063643639313164353434
31383662333739373862616438396437313639356366623962613831653531353766313464373438
34613432333037383432393637646335313735373037653262626639356133303138616664356230
66323564633266666565343030303666336561383565323561336261323166636163333130613132
65363239313231313861396364376266333966613162343262356430666237306233333337386366
39326363616566633461346463333230383166623638323238373966313263333137643364313731
38373338613638303165626335323938313037356266323362306531383936623366316535626132
61373364333932316139663164613337373033363836653932336564383237376232316430363961
38316637383938656434356564363234633366353632356165663237313065633263616261346566
34353534633963383564616435353961623231353564363563306238323531643663336363336135
30363838323935346638396665386134323638373231326239643934623063306231353734333439
33386133353130383635363264366239373063613466343333316364643764666562383662653736
66326137653432376461623163656531366566383563333532356232623835373732626237396462
62366535363031386462366261383865343165643637353537656538373161373734343730663766
35376233613965663337346162393534626132626233376337616364613835383632396338656132
35333961333231663136323030663830626664633231383165383231343366373136353763333032
34613466373632373332613636393762393063353836373061623136623233646364393836363133
653739346332303330303535373936333463
